x <- c(1,2,3,4,5,6,7,8)
x

y <- c(1,2,3,4,5,6,6,7)
y

x + y
