#soma de vetores
x<-c(50,20,50,60)
x

y<-c(15,35,25,45)
y

#soma de vetores de A + B
x+y


#Soma de matriz
a<-matrix(30,40,50,60)
a

b<-matrix(25,20,35,20)
b

b<-a*2
b

a+b
